1
223
264
294
301
307
310
311
346
364
365
369
368
371
372
379
380
381
383
385
386
387
388
389
411
412
413
416
418
439
440
438
480
490
501
498
502
504
505
503
507
506
508
509
513
538
537
543
544
547
549
554
561
567
568
569
572
581
583
585
589
590
591
595
612
618
620
622
621
631
640
641
642
643
674
672
673
682
683
691
696
698
697
728
731
744
746
747
749
748
754
755
758
757
759
763
764
767
768
765
781
785
782
800
803
805
806
809
808
810
807
811
812
813
828
832
829
831
835
834
838
840
839
841
842
844
845
846
848
847
851
852
854
858
861
860
862
867
868
876
879
878
880
881
885
886
888
889
893
894
895
892
891
896
897
898
902
904
901
905
906
907
910
909
914
911
916
912
913
918
915
917
923
926
924
929
930
932
934
933
939
940
943
944
945
951
955
954
957
958
960
959
962
961
970
969
967
973
984
987
986
990
991
1022
1024
1068
1071
1074
1366
1504